Artifact_AncientDawnguardWarAxe=13 13.000000 5000 0.900000 1.000000 0.850000 5
Artifact_AncientDawnguardWarhammer=24 26.000000 5000 0.600000 1.300000 1.250000 11
Artifact_AwakenedBladeOfWoe=10 5.000000 720 1.300000 0.700000 0.000000 5
Artifact_BladeOfSacrifice=10 5.000000 720 1.300000 0.700000 0.000000 5
Artifact_BladeOfWoe=10 5.000000 720 1.300000 0.700000 0.000000 5
Artifact_Chillrend=13 8.000000 5000 1.000000 1.000000 0.750000 6
Artifact_Dawnbreaker=13 10.000000 50000 1.000000 1.000000 0.750000 4
Artifact_Dragonbane=14 14.000000 5000 1.000000 1.000000 0.750000 5
Artifact_EbonyBlade=22 19.000000 50000 0.750000 1.300000 1.100000 11
Artifact_Ghostblade=11 0.000000 5000 1.000000 1.000000 0.750000 5
Artifact_GoraksTrollGuttingKnife=6 8.000000 10 1.000000 1.000000 0.750000 3
Artifact_HarkonsSword=15 17.000000 5000 1.000000 1.000000 0.750000 7
Artifact_KahvozeinsFang=11 5.500000 5000 1.300000 0.700000 0.000000 5
Artifact_Keening=14 7.000000 50000 1.300000 0.700000 0.000000 6
Artifact_MaceOfMolagBal=17 23.000000 50000 0.800000 1.000000 1.000000 8
Artifact_MehrunesRazor=12 6.000000 50000 1.300000 0.700000 0.000000 6
Artifact_Nettlebane=10 5.000000 5000 1.300000 0.700000 0.000000 5
Artifact_NightingaleBlade=14 11.000000 5000 1.000000 1.000000 0.750000 6
Artifact_RedEaglesBane=11 9.000000 5000 1.075000 1.075000 0.750000 5
Artifact_RedEaglesFury=8 9.000000 270 1.075000 1.075000 0.750000 5
Artifact_RuefulAxe=25 23.000000 50000 0.700000 1.300000 1.150000 12
Artifact_TheLonghammer=22 18.000000 440 0.800000 1.300000 1.250000 11
Artifact_Volendrung=27 37.000000 50000 0.600000 1.300000 1.250000 13
Artifact_Windshear=11 10.000000 90 1.000000 1.000000 0.750000 5
Artifact_Wuuthrad=25 26.000000 50000 0.700000 1.300000 1.150000 11
Weapon_AncientNordHoned_Battleaxe=21 22.000000 65 0.700000 1.300000 1.150000 10
Weapon_AncientNordHoned_Battlestaff=13 16.000000 55 0.900000 1.500000 1.050000 6
Weapon_AncientNordHoned_Club=12 14.000000 45 0.950000 0.900000 0.850000 6
Weapon_AncientNordHoned_Dagger=8 3.000000 10 1.300000 0.700000 0.000000 4
Weapon_AncientNordHoned_DaiKatana=20 18.000000 60 0.750000 1.300000 1.100000 10
Weapon_AncientNordHoned_Greatsword=20 18.000000 60 0.750000 1.300000 1.100000 10
Weapon_AncientNordHoned_Hatchet=11 12.000000 35 1.050000 0.900000 0.700000 5
Weapon_AncientNordHoned_Katana=11 11.000000 30 1.000000 1.000000 0.750000 5
Weapon_AncientNordHoned_LongMace=19 22.000000 75 0.700000 1.300000 1.150000 9
Weapon_AncientNordHoned_Mace=13 15.000000 45 0.800000 1.000000 1.000000 6
Weapon_AncientNordHoned_Maul=15 17.000000 45 0.750000 1.000000 1.100000 7
Weapon_AncientNordHoned_Quarterstaff=15 16.000000 55 0.800000 1.300000 1.050000 7
Weapon_AncientNordHoned_Shortsword=10 10.000000 30 1.150000 0.900000 0.600000 5
Weapon_AncientNordHoned_Sword=11 11.000000 30 1.000000 1.000000 0.750000 5
Weapon_AncientNordHoned_Tanto=8 3.500000 10 1.300000 0.700000 0.000000 4
Weapon_AncientNordHoned_Wakizashi=10 10.000000 30 1.150000 0.900000 0.600000 5
Weapon_AncientNordHoned_WarAxe=12 13.000000 35 0.900000 1.000000 0.850000 6
Weapon_AncientNordHoned_Warhammer=23 26.000000 75 0.600000 1.300000 1.250000 11
Weapon_AncientNord_Battleaxe=18 22.000000 35 0.700000 1.300000 1.150000 9
Weapon_AncientNord_Battlestaff=10 16.000000 25 0.900000 1.500000 1.050000 5
Weapon_AncientNord_Club=9 14.000000 20 0.950000 0.900000 0.850000 4
Weapon_AncientNord_Dagger=5 3.000000 5 1.300000 0.700000 0.000000 2
Weapon_AncientNord_DaiKatana=17 18.000000 30 0.750000 1.300000 1.100000 8
Weapon_AncientNord_Greatsword=17 18.000000 30 0.750000 1.300000 1.100000 8
Weapon_AncientNord_Hatchet=8 12.000000 20 1.050000 0.900000 0.700000 4
Weapon_AncientNord_Katana=8 11.000000 15 1.000000 1.000000 0.750000 4
Weapon_AncientNord_LongMace=16 22.000000 35 0.700000 1.300000 1.150000 8
Weapon_AncientNord_Mace=10 15.000000 20 0.800000 1.000000 1.000000 5
Weapon_AncientNord_Maul=12 17.000000 20 0.750000 1.000000 1.100000 6
Weapon_AncientNord_Quarterstaff=12 16.000000 25 0.800000 1.300000 1.050000 6
Weapon_AncientNord_Shortsword=7 10.000000 15 1.150000 0.900000 0.600000 3
Weapon_AncientNord_Sword=8 11.000000 15 1.000000 1.000000 0.750000 4
Weapon_AncientNord_Tanto=5 3.500000 5 1.300000 0.700000 0.000000 2
Weapon_AncientNord_Wakizashi=7 10.000000 15 1.150000 0.900000 0.600000 3
Weapon_AncientNord_WarAxe=9 13.000000 20 0.900000 1.000000 0.850000 4
Weapon_AncientNord_Warhammer=20 26.000000 35 0.600000 1.300000 1.250000 10
Weapon_Blades_Battleaxe=21 21.000000 700 0.700000 1.300000 1.150000 10
Weapon_Blades_Battlestaff=13 15.000000 560 0.900000 1.500000 1.050000 6
Weapon_Blades_Club=12 13.000000 455 0.950000 0.900000 0.850000 6
Weapon_Blades_Dagger=8 2.500000 125 1.300000 0.700000 0.000000 4
Weapon_Blades_DaiKatana=20 17.000000 630 0.750000 1.300000 1.100000 10
Weapon_Blades_Greatsword=20 17.000000 630 0.750000 1.300000 1.100000 10
Weapon_Blades_Hatchet=11 11.000000 385 1.050000 0.900000 0.700000 5
Weapon_Blades_Katana=11 10.000000 315 1.000000 1.000000 0.750000 5
Weapon_Blades_LongMace=19 21.000000 770 0.700000 1.300000 1.150000 9
Weapon_Blades_Mace=13 14.000000 455 0.800000 1.000000 1.000000 6
Weapon_Blades_Maul=15 16.000000 455 0.750000 1.000000 1.100000 7
Weapon_Blades_Quarterstaff=15 15.000000 560 0.800000 1.300000 1.050000 7
Weapon_Blades_Shortsword=10 9.000000 315 1.150000 0.900000 0.600000 5
Weapon_Blades_Sword=11 10.000000 315 1.000000 1.000000 0.750000 5
Weapon_Blades_Tanto=8 2.500000 125 1.300000 0.700000 0.000000 4
Weapon_Blades_Wakizashi=10 9.000000 315 1.150000 0.900000 0.600000 5
Weapon_Blades_WarAxe=12 12.000000 385 0.900000 1.000000 0.850000 6
Weapon_Blades_Warhammer=23 25.000000 770 0.600000 1.300000 1.250000 11
Weapon_BoundMystic_Battleaxe=24 0.000000 0 0.700000 1.300000 1.150000 12
Weapon_BoundMystic_Battlestaff=16 0.000000 0 0.900000 1.500000 1.050000 8
Weapon_BoundMystic_Club=15 0.000000 0 0.950000 0.900000 0.850000 7
Weapon_BoundMystic_Dagger=11 0.000000 0 1.300000 0.700000 0.000000 5
Weapon_BoundMystic_DaiKatana=23 0.000000 0 0.750000 1.300000 1.100000 11
Weapon_BoundMystic_Greatsword=23 0.000000 0 0.750000 1.300000 1.100000 11
Weapon_BoundMystic_Hatchet=14 0.000000 0 1.050000 0.900000 0.700000 7
Weapon_BoundMystic_Katana=14 0.000000 0 1.000000 1.000000 0.750000 7
Weapon_BoundMystic_LongMace=22 0.000000 0 0.700000 1.300000 1.150000 11
Weapon_BoundMystic_Mace=16 0.000000 0 0.800000 1.000000 1.000000 8
Weapon_BoundMystic_Maul=18 0.000000 0 0.750000 1.000000 1.100000 9
Weapon_BoundMystic_Quarterstaff=18 0.000000 0 0.800000 1.300000 1.050000 9
Weapon_BoundMystic_Shortsword=13 0.000000 0 1.150000 0.900000 0.600000 6
Weapon_BoundMystic_Sword=14 0.000000 0 1.000000 1.000000 0.750000 7
Weapon_BoundMystic_Tanto=11 0.000000 0 1.300000 0.700000 0.000000 5
Weapon_BoundMystic_Wakizashi=13 0.000000 0 1.150000 0.900000 0.600000 6
Weapon_BoundMystic_WarAxe=15 0.000000 0 0.900000 1.000000 0.850000 7
Weapon_BoundMystic_Warhammer=26 0.000000 0 0.600000 1.300000 1.250000 13
Weapon_Bound_Battleaxe=19 0.000000 0 0.700000 1.300000 1.150000 9
Weapon_Bound_Battlestaff=11 0.000000 0 0.900000 1.500000 1.050000 5
Weapon_Bound_Club=10 0.000000 0 0.950000 0.900000 0.850000 5
Weapon_Bound_Dagger=6 0.000000 0 1.300000 0.700000 0.000000 3
Weapon_Bound_DaiKatana=18 0.000000 0 0.750000 1.300000 1.100000 9
Weapon_Bound_Greatsword=18 0.000000 0 0.750000 1.300000 1.100000 9
Weapon_Bound_Hatchet=9 0.000000 0 1.050000 0.900000 0.700000 4
Weapon_Bound_Katana=9 0.000000 0 1.000000 1.000000 0.750000 4
Weapon_Bound_LongMace=17 0.000000 0 0.700000 1.300000 1.150000 8
Weapon_Bound_Mace=11 0.000000 0 0.800000 1.000000 1.000000 5
Weapon_Bound_Maul=13 0.000000 0 0.750000 1.000000 1.100000 6
Weapon_Bound_Quarterstaff=13 0.000000 0 0.800000 1.300000 1.050000 6
Weapon_Bound_Shortsword=8 0.000000 0 1.150000 0.900000 0.600000 4
Weapon_Bound_Sword=9 0.000000 0 1.000000 1.000000 0.750000 4
Weapon_Bound_Tanto=6 0.000000 0 1.300000 0.700000 0.000000 3
Weapon_Bound_Wakizashi=8 0.000000 0 1.150000 0.900000 0.600000 4
Weapon_Bound_WarAxe=10 0.000000 0 0.900000 1.000000 0.850000 5
Weapon_Bound_Warhammer=21 0.000000 0 0.600000 1.300000 1.250000 10
Weapon_Daedric_Battleaxe=25 28.000000 10000 0.700000 1.300000 1.150000 12
Weapon_Daedric_Battlestaff=17 22.000000 8000 0.900000 1.500000 1.050000 8
Weapon_Daedric_Club=16 20.000000 6500 0.950000 0.900000 0.850000 8
Weapon_Daedric_Dagger=12 6.000000 1800 1.300000 0.700000 0.000000 6
Weapon_Daedric_DaiKatana=24 24.000000 9000 0.750000 1.300000 1.100000 12
Weapon_Daedric_Greatsword=24 24.000000 9000 0.750000 1.300000 1.100000 12
Weapon_Daedric_Hatchet=15 18.000000 5500 1.050000 0.900000 0.700000 7
Weapon_Daedric_Katana=15 17.000000 4500 1.000000 1.000000 0.750000 7
Weapon_Daedric_LongMace=23 28.000000 11000 0.700000 1.300000 1.150000 11
Weapon_Daedric_Mace=17 21.000000 6500 0.800000 1.000000 1.000000 8
Weapon_Daedric_Maul=19 23.000000 6500 0.750000 1.000000 1.100000 9
Weapon_Daedric_Quarterstaff=19 22.000000 8000 0.800000 1.300000 1.050000 9
Weapon_Daedric_Shortsword=14 16.000000 4500 1.150000 0.900000 0.600000 7
Weapon_Daedric_Sword=15 17.000000 4500 1.000000 1.000000 0.750000 7
Weapon_Daedric_Tanto=12 9.500000 1800 1.300000 0.700000 0.000000 6
Weapon_Daedric_Wakizashi=14 16.000000 4500 1.150000 0.900000 0.600000 7
Weapon_Daedric_WarAxe=16 19.000000 5500 0.900000 1.000000 0.850000 8
Weapon_Daedric_Warhammer=27 32.000000 11000 0.600000 1.300000 1.250000 13
Weapon_Dawnguard_Battleaxe=20 22.000000 600 0.700000 1.300000 1.150000 10
Weapon_Dawnguard_Battlestaff=12 16.000000 480 0.900000 1.500000 1.050000 6
Weapon_Dawnguard_Club=11 14.000000 390 0.950000 0.900000 0.850000 5
Weapon_Dawnguard_Dagger=7 3.000000 110 1.300000 0.700000 0.000000 3
Weapon_Dawnguard_DaiKatana=19 18.000000 540 0.750000 1.300000 1.100000 9
Weapon_Dawnguard_Greatsword=19 18.000000 540 0.750000 1.300000 1.100000 9
Weapon_Dawnguard_Hatchet=10 12.000000 330 1.050000 0.900000 0.700000 5
Weapon_Dawnguard_Katana=10 11.000000 270 1.000000 1.000000 0.750000 5
Weapon_Dawnguard_LongMace=18 22.000000 660 0.700000 1.300000 1.150000 9
Weapon_Dawnguard_Mace=12 15.000000 390 0.800000 1.000000 1.000000 6
Weapon_Dawnguard_Maul=14 17.000000 390 0.750000 1.000000 1.100000 7
Weapon_Dawnguard_Quarterstaff=14 16.000000 480 0.800000 1.300000 1.050000 7
Weapon_Dawnguard_Shortsword=9 10.000000 270 1.150000 0.900000 0.600000 4
Weapon_Dawnguard_Sword=10 11.000000 270 1.000000 1.000000 0.750000 5
Weapon_Dawnguard_Tanto=7 3.500000 110 1.300000 0.700000 0.000000 3
Weapon_Dawnguard_Wakizashi=9 10.000000 270 1.150000 0.900000 0.600000 4
Weapon_Dawnguard_WarAxe=11 13.000000 330 0.900000 1.000000 0.850000 5
Weapon_Dawnguard_Warhammer=22 26.000000 660 0.600000 1.300000 1.250000 11
Weapon_Dragonbone_Battleaxe=24 27.000000 8000 0.700000 1.300000 1.150000 12
Weapon_Dragonbone_Battlestaff=16 21.000000 6400 0.900000 1.500000 1.050000 8
Weapon_Dragonbone_Club=15 19.000000 5200 0.950000 0.900000 0.850000 7
Weapon_Dragonbone_Dagger=11 5.500000 1440 1.300000 0.700000 0.000000 5
Weapon_Dragonbone_DaiKatana=23 23.000000 7200 0.750000 1.300000 1.100000 11
Weapon_Dragonbone_Greatsword=23 23.000000 7200 0.750000 1.300000 1.100000 11
Weapon_Dragonbone_Hatchet=14 17.000000 4400 1.050000 0.900000 0.700000 7
Weapon_Dragonbone_Katana=14 16.000000 3600 1.000000 1.000000 0.750000 7
Weapon_Dragonbone_LongMace=22 27.000000 8800 0.700000 1.300000 1.150000 11
Weapon_Dragonbone_Mace=16 20.000000 5200 0.800000 1.000000 1.000000 8
Weapon_Dragonbone_Maul=18 22.000000 5200 0.750000 1.000000 1.100000 9
Weapon_Dragonbone_Quarterstaff=18 21.000000 6400 0.800000 1.300000 1.050000 9
Weapon_Dragonbone_Shortsword=13 15.000000 3600 1.150000 0.900000 0.600000 6
Weapon_Dragonbone_Sword=14 16.000000 3600 1.000000 1.000000 0.750000 7
Weapon_Dragonbone_Tanto=11 8.500000 1440 1.300000 0.700000 0.000000 5
Weapon_Dragonbone_Wakizashi=13 15.000000 3600 1.150000 0.900000 0.600000 6
Weapon_Dragonbone_WarAxe=15 18.000000 4400 0.900000 1.000000 0.850000 7
Weapon_Dragonbone_Warhammer=26 31.000000 8800 0.600000 1.300000 1.250000 13
Weapon_Dwarven_Battleaxe=21 25.000000 500 0.700000 1.300000 1.150000 10
Weapon_Dwarven_Battlestaff=13 19.000000 400 0.900000 1.500000 1.050000 6
Weapon_Dwarven_Club=12 17.000000 325 0.950000 0.900000 0.850000 6
Weapon_Dwarven_Dagger=8 4.500000 90 1.300000 0.700000 0.000000 4
Weapon_Dwarven_DaiKatana=20 21.000000 450 0.750000 1.300000 1.100000 10
Weapon_Dwarven_Greatsword=20 21.000000 450 0.750000 1.300000 1.100000 10
Weapon_Dwarven_Hatchet=11 15.000000 275 1.050000 0.900000 0.700000 5
Weapon_Dwarven_Katana=11 14.000000 225 1.000000 1.000000 0.750000 5
Weapon_Dwarven_LongMace=19 25.000000 550 0.700000 1.300000 1.150000 9
Weapon_Dwarven_Mace=13 18.000000 325 0.800000 1.000000 1.000000 6
Weapon_Dwarven_Maul=15 20.000000 325 0.750000 1.000000 1.100000 7
Weapon_Dwarven_Quarterstaff=15 19.000000 400 0.800000 1.300000 1.050000 7
Weapon_Dwarven_Shortsword=10 13.000000 225 1.150000 0.900000 0.600000 5
Weapon_Dwarven_Sword=11 14.000000 225 1.000000 1.000000 0.750000 5
Weapon_Dwarven_Tanto=8 6.500000 90 1.300000 0.700000 0.000000 4
Weapon_Dwarven_Wakizashi=10 13.000000 225 1.150000 0.900000 0.600000 5
Weapon_Dwarven_WarAxe=12 16.000000 275 0.900000 1.000000 0.850000 6
Weapon_Dwarven_Warhammer=23 29.000000 550 0.600000 1.300000 1.250000 11
Weapon_Ebony_Battleaxe=23 26.000000 4000 0.700000 1.300000 1.150000 11
Weapon_Ebony_Battlestaff=15 20.000000 3200 0.900000 1.500000 1.050000 7
Weapon_Ebony_Club=14 18.000000 2600 0.950000 0.900000 0.850000 7
Weapon_Ebony_Dagger=10 5.000000 720 1.300000 0.700000 0.000000 5
Weapon_Ebony_DaiKatana=22 22.000000 3600 0.750000 1.300000 1.100000 11
Weapon_Ebony_Greatsword=22 22.000000 3600 0.750000 1.300000 1.100000 11
Weapon_Ebony_Hatchet=13 16.000000 2200 1.050000 0.900000 0.700000 6
Weapon_Ebony_Katana=13 15.000000 1800 1.000000 1.000000 0.750000 6
Weapon_Ebony_LongMace=21 26.000000 4400 0.700000 1.300000 1.150000 10
Weapon_Ebony_Mace=15 19.000000 2600 0.800000 1.000000 1.000000 7
Weapon_Ebony_Maul=17 21.000000 2600 0.750000 1.000000 1.100000 8
Weapon_Ebony_Quarterstaff=17 20.000000 3200 0.800000 1.300000 1.050000 8
Weapon_Ebony_Shortsword=12 14.000000 1800 1.150000 0.900000 0.600000 6
Weapon_Ebony_Sword=13 15.000000 1800 1.000000 1.000000 0.750000 6
Weapon_Ebony_Tanto=10 7.500000 720 1.300000 0.700000 0.000000 5
Weapon_Ebony_Wakizashi=12 14.000000 1800 1.150000 0.900000 0.600000 6
Weapon_Ebony_WarAxe=14 17.000000 2200 0.900000 1.000000 0.850000 7
Weapon_Ebony_Warhammer=25 30.000000 4400 0.600000 1.300000 1.250000 12
Weapon_Elven_Battleaxe=19 19.000000 300 0.700000 1.300000 1.150000 9
Weapon_Elven_Battlestaff=11 13.000000 240 0.900000 1.500000 1.050000 5
Weapon_Elven_Club=10 11.000000 195 0.950000 0.900000 0.850000 5
Weapon_Elven_Dagger=6 1.500000 55 1.300000 0.700000 0.000000 3
Weapon_Elven_DaiKatana=18 15.000000 270 0.750000 1.300000 1.100000 9
Weapon_Elven_Greatsword=18 15.000000 270 0.750000 1.300000 1.100000 9
Weapon_Elven_Hatchet=9 9.000000 165 1.050000 0.900000 0.700000 4
Weapon_Elven_Katana=9 8.000000 135 1.000000 1.000000 0.750000 4
Weapon_Elven_LongMace=17 19.000000 330 0.700000 1.300000 1.150000 8
Weapon_Elven_Mace=11 12.000000 195 0.800000 1.000000 1.000000 5
Weapon_Elven_Maul=13 14.000000 195 0.750000 1.000000 1.100000 6
Weapon_Elven_Quarterstaff=13 13.000000 240 0.800000 1.300000 1.050000 6
Weapon_Elven_Shortsword=8 7.000000 135 1.150000 0.900000 0.600000 4
Weapon_Elven_Sword=9 8.000000 135 1.000000 1.000000 0.750000 4
Weapon_Elven_Tanto=6 0.500000 55 1.300000 0.700000 0.000000 3
Weapon_Elven_Wakizashi=8 7.000000 135 1.150000 0.900000 0.600000 4
Weapon_Elven_WarAxe=10 10.000000 165 0.900000 1.000000 0.850000 5
Weapon_Elven_Warhammer=21 23.000000 330 0.600000 1.300000 1.250000 10
Weapon_FalmerHoned_Battleaxe=20 21.000000 50 0.700000 1.300000 1.150000 10
Weapon_FalmerHoned_Battlestaff=12 15.000000 40 0.900000 1.500000 1.050000 6
Weapon_FalmerHoned_Club=11 13.000000 30 0.950000 0.900000 0.850000 5
Weapon_FalmerHoned_Dagger=7 2.500000 10 1.300000 0.700000 0.000000 3
Weapon_FalmerHoned_DaiKatana=19 17.000000 45 0.750000 1.300000 1.100000 9
Weapon_FalmerHoned_Greatsword=19 17.000000 45 0.750000 1.300000 1.100000 9
Weapon_FalmerHoned_Hatchet=10 11.000000 30 1.050000 0.900000 0.700000 5
Weapon_FalmerHoned_Katana=10 10.000000 20 1.000000 1.000000 0.750000 5
Weapon_FalmerHoned_LongMace=18 21.000000 55 0.700000 1.300000 1.150000 9
Weapon_FalmerHoned_Mace=12 14.000000 30 0.800000 1.000000 1.000000 6
Weapon_FalmerHoned_Maul=14 16.000000 30 0.750000 1.000000 1.100000 7
Weapon_FalmerHoned_Quarterstaff=14 15.000000 40 0.800000 1.300000 1.050000 7
Weapon_FalmerHoned_Shortsword=9 9.000000 20 1.150000 0.900000 0.600000 4
Weapon_FalmerHoned_Sword=10 10.000000 20 1.000000 1.000000 0.750000 5
Weapon_FalmerHoned_Tanto=7 2.500000 10 1.300000 0.700000 0.000000 3
Weapon_FalmerHoned_Wakizashi=9 9.000000 20 1.150000 0.900000 0.600000 4
Weapon_FalmerHoned_WarAxe=11 12.000000 30 0.900000 1.000000 0.850000 5
Weapon_FalmerHoned_Warhammer=22 25.000000 55 0.600000 1.300000 1.250000 11
Weapon_Falmer_Battleaxe=17 21.000000 25 0.700000 1.300000 1.150000 8
Weapon_Falmer_Battlestaff=9 15.000000 20 0.900000 1.500000 1.050000 4
Weapon_Falmer_Club=8 13.000000 15 0.950000 0.900000 0.850000 4
Weapon_Falmer_Dagger=4 2.500000 5 1.300000 0.700000 0.000000 2
Weapon_Falmer_DaiKatana=16 17.000000 20 0.750000 1.300000 1.100000 8
Weapon_Falmer_Greatsword=16 17.000000 20 0.750000 1.300000 1.100000 8
Weapon_Falmer_Hatchet=7 11.000000 15 1.050000 0.900000 0.700000 3
Weapon_Falmer_Katana=7 10.000000 10 1.000000 1.000000 0.750000 3
Weapon_Falmer_LongMace=15 21.000000 30 0.700000 1.300000 1.150000 7
Weapon_Falmer_Mace=9 14.000000 15 0.800000 1.000000 1.000000 4
Weapon_Falmer_Maul=11 16.000000 15 0.750000 1.000000 1.100000 5
Weapon_Falmer_Quarterstaff=11 15.000000 20 0.800000 1.300000 1.050000 5
Weapon_Falmer_Shortsword=6 9.000000 10 1.150000 0.900000 0.600000 3
Weapon_Falmer_Sword=7 10.000000 10 1.000000 1.000000 0.750000 3
Weapon_Falmer_Tanto=4 2.500000 5 1.300000 0.700000 0.000000 2
Weapon_Falmer_Wakizashi=6 9.000000 10 1.150000 0.900000 0.600000 3
Weapon_Falmer_WarAxe=8 12.000000 15 0.900000 1.000000 0.850000 4
Weapon_Falmer_Warhammer=19 25.000000 30 0.600000 1.300000 1.250000 9
Weapon_Forsworn_Battleaxe=16 19.000000 20 0.700000 1.300000 1.150000 8
Weapon_Forsworn_Battlestaff=8 13.000000 15 0.900000 1.500000 1.050000 4
Weapon_Forsworn_Club=7 11.000000 15 0.950000 0.900000 0.850000 3
Weapon_Forsworn_Dagger=3 1.500000 5 1.300000 0.700000 0.000000 1
Weapon_Forsworn_DaiKatana=15 15.000000 20 0.750000 1.300000 1.100000 7
Weapon_Forsworn_Greatsword=15 15.000000 20 0.750000 1.300000 1.100000 7
Weapon_Forsworn_Hatchet=6 9.000000 10 1.050000 0.900000 0.700000 3
Weapon_Forsworn_Katana=6 8.000000 10 1.000000 1.000000 0.750000 3
Weapon_Forsworn_LongMace=14 19.000000 20 0.700000 1.300000 1.150000 7
Weapon_Forsworn_Mace=8 12.000000 15 0.800000 1.000000 1.000000 4
Weapon_Forsworn_Maul=10 14.000000 15 0.750000 1.000000 1.100000 5
Weapon_Forsworn_Quarterstaff=10 13.000000 15 0.800000 1.300000 1.050000 5
Weapon_Forsworn_Shortsword=5 7.000000 10 1.150000 0.900000 0.600000 2
Weapon_Forsworn_Sword=6 8.000000 10 1.000000 1.000000 0.750000 3
Weapon_Forsworn_Tanto=3 0.500000 5 1.300000 0.700000 0.000000 1
Weapon_Forsworn_Wakizashi=5 7.000000 10 1.150000 0.900000 0.600000 2
Weapon_Forsworn_WarAxe=7 10.000000 10 0.900000 1.000000 0.850000 3
Weapon_Forsworn_Warhammer=18 23.000000 20 0.600000 1.300000 1.250000 9
Weapon_Glass_Battleaxe=22 20.000000 2500 0.700000 1.300000 1.150000 11
Weapon_Glass_Battlestaff=14 14.000000 2000 0.900000 1.500000 1.050000 7
Weapon_Glass_Club=13 12.000000 1625 0.950000 0.900000 0.850000 6
Weapon_Glass_Dagger=9 2.000000 450 1.300000 0.700000 0.000000 4
Weapon_Glass_DaiKatana=21 16.000000 2250 0.750000 1.300000 1.100000 10
Weapon_Glass_Greatsword=21 16.000000 2250 0.750000 1.300000 1.100000 10
Weapon_Glass_Hatchet=12 10.000000 1375 1.050000 0.900000 0.700000 6
Weapon_Glass_Katana=12 9.000000 1125 1.000000 1.000000 0.750000 6
Weapon_Glass_LongMace=20 20.000000 2750 0.700000 1.300000 1.150000 10
Weapon_Glass_Mace=14 13.000000 1625 0.800000 1.000000 1.000000 7
Weapon_Glass_Maul=16 15.000000 1625 0.750000 1.000000 1.100000 8
Weapon_Glass_Quarterstaff=16 14.000000 2000 0.800000 1.300000 1.050000 8
Weapon_Glass_Shortsword=11 8.000000 1125 1.150000 0.900000 0.600000 5
Weapon_Glass_Sword=12 9.000000 1125 1.000000 1.000000 0.750000 6
Weapon_Glass_Tanto=9 1.500000 450 1.300000 0.700000 0.000000 4
Weapon_Glass_Wakizashi=11 8.000000 1125 1.150000 0.900000 0.600000 5
Weapon_Glass_WarAxe=13 11.000000 1375 0.900000 1.000000 0.850000 6
Weapon_Glass_Warhammer=24 24.000000 2750 0.600000 1.300000 1.250000 12
Weapon_Imperial_Battleaxe=18 21.000000 135 0.700000 1.300000 1.150000 9
Weapon_Imperial_Battlestaff=10 15.000000 105 0.900000 1.500000 1.050000 5
Weapon_Imperial_Club=9 13.000000 85 0.950000 0.900000 0.850000 4
Weapon_Imperial_Dagger=5 2.500000 25 1.300000 0.700000 0.000000 2
Weapon_Imperial_DaiKatana=17 17.000000 120 0.750000 1.300000 1.100000 8
Weapon_Imperial_Greatsword=17 17.000000 120 0.750000 1.300000 1.100000 8
Weapon_Imperial_Hatchet=8 11.000000 75 1.050000 0.900000 0.700000 4
Weapon_Imperial_Katana=8 10.000000 60 1.000000 1.000000 0.750000 4
Weapon_Imperial_LongMace=16 21.000000 145 0.700000 1.300000 1.150000 8
Weapon_Imperial_Mace=10 14.000000 85 0.800000 1.000000 1.000000 5
Weapon_Imperial_Maul=12 16.000000 85 0.750000 1.000000 1.100000 6
Weapon_Imperial_Quarterstaff=12 15.000000 105 0.800000 1.300000 1.050000 6
Weapon_Imperial_Shortsword=7 9.000000 60 1.150000 0.900000 0.600000 3
Weapon_Imperial_Sword=8 10.000000 60 1.000000 1.000000 0.750000 4
Weapon_Imperial_Tanto=5 2.500000 25 1.300000 0.700000 0.000000 2
Weapon_Imperial_Wakizashi=7 9.000000 60 1.150000 0.900000 0.600000 3
Weapon_Imperial_WarAxe=9 12.000000 75 0.900000 1.000000 0.850000 4
Weapon_Imperial_Warhammer=20 25.000000 145 0.600000 1.300000 1.250000 10
Weapon_Iron_Battleaxe=17 20.000000 55 0.700000 1.300000 1.150000 8
Weapon_Iron_Battlestaff=9 14.000000 45 0.900000 1.500000 1.050000 4
Weapon_Iron_Club=8 12.000000 35 0.950000 0.900000 0.850000 4
Weapon_Iron_Dagger=4 2.000000 10 1.300000 0.700000 0.000000 2
Weapon_Iron_DaiKatana=16 16.000000 50 0.750000 1.300000 1.100000 8
Weapon_Iron_Greatsword=16 16.000000 50 0.750000 1.300000 1.100000 8
Weapon_Iron_Hatchet=7 10.000000 30 1.050000 0.900000 0.700000 3
Weapon_Iron_Katana=7 9.000000 25 1.000000 1.000000 0.750000 3
Weapon_Iron_LongMace=15 20.000000 60 0.700000 1.300000 1.150000 7
Weapon_Iron_Mace=9 13.000000 35 0.800000 1.000000 1.000000 4
Weapon_Iron_Maul=11 15.000000 35 0.750000 1.000000 1.100000 5
Weapon_Iron_Quarterstaff=11 14.000000 45 0.800000 1.300000 1.050000 5
Weapon_Iron_Shortsword=6 8.000000 25 1.150000 0.900000 0.600000 3
Weapon_Iron_Sword=7 9.000000 25 1.000000 1.000000 0.750000 3
Weapon_Iron_Tanto=4 1.500000 10 1.300000 0.700000 0.000000 2
Weapon_Iron_Wakizashi=6 8.000000 25 1.150000 0.900000 0.600000 3
Weapon_Iron_WarAxe=8 11.000000 30 0.900000 1.000000 0.850000 4
Weapon_Iron_Warhammer=19 24.000000 60 0.600000 1.300000 1.250000 9
Weapon_NordHero_Battleaxe=21 20.000000 600 0.700000 1.300000 1.150000 10
Weapon_NordHero_Battlestaff=13 14.000000 480 0.900000 1.500000 1.050000 6
Weapon_NordHero_Club=12 12.000000 390 0.950000 0.900000 0.850000 6
Weapon_NordHero_Dagger=8 2.000000 110 1.300000 0.700000 0.000000 4
Weapon_NordHero_DaiKatana=20 16.000000 540 0.750000 1.300000 1.100000 10
Weapon_NordHero_Greatsword=20 16.000000 540 0.750000 1.300000 1.100000 10
Weapon_NordHero_Hatchet=11 10.000000 330 1.050000 0.900000 0.700000 5
Weapon_NordHero_Katana=11 9.000000 270 1.000000 1.000000 0.750000 5
Weapon_NordHero_LongMace=19 20.000000 660 0.700000 1.300000 1.150000 9
Weapon_NordHero_Mace=13 13.000000 390 0.800000 1.000000 1.000000 6
Weapon_NordHero_Maul=15 15.000000 390 0.750000 1.000000 1.100000 7
Weapon_NordHero_Quarterstaff=15 14.000000 480 0.800000 1.300000 1.050000 7
Weapon_NordHero_Shortsword=10 8.000000 270 1.150000 0.900000 0.600000 5
Weapon_NordHero_Sword=11 9.000000 270 1.000000 1.000000 0.750000 5
Weapon_NordHero_Tanto=8 1.500000 110 1.300000 0.700000 0.000000 4
Weapon_NordHero_Wakizashi=10 8.000000 270 1.150000 0.900000 0.600000 5
Weapon_NordHero_WarAxe=12 11.000000 330 0.900000 1.000000 0.850000 6
Weapon_NordHero_Warhammer=23 24.000000 660 0.600000 1.300000 1.250000 11
Weapon_Nordic_Battleaxe=19 22.000000 200 0.700000 1.300000 1.150000 9
Weapon_Nordic_Battlestaff=11 16.000000 160 0.900000 1.500000 1.050000 5
Weapon_Nordic_Club=10 14.000000 130 0.950000 0.900000 0.850000 5
Weapon_Nordic_Dagger=6 3.000000 35 1.300000 0.700000 0.000000 3
Weapon_Nordic_DaiKatana=18 18.000000 180 0.750000 1.300000 1.100000 9
Weapon_Nordic_Greatsword=18 18.000000 180 0.750000 1.300000 1.100000 9
Weapon_Nordic_Hatchet=9 12.000000 110 1.050000 0.900000 0.700000 4
Weapon_Nordic_Katana=9 11.000000 90 1.000000 1.000000 0.750000 4
Weapon_Nordic_LongMace=17 22.000000 220 0.700000 1.300000 1.150000 8
Weapon_Nordic_Mace=11 15.000000 130 0.800000 1.000000 1.000000 5
Weapon_Nordic_Maul=13 17.000000 130 0.750000 1.000000 1.100000 6
Weapon_Nordic_Quarterstaff=13 16.000000 160 0.800000 1.300000 1.050000 6
Weapon_Nordic_Shortsword=8 10.000000 90 1.150000 0.900000 0.600000 4
Weapon_Nordic_Sword=9 11.000000 90 1.000000 1.000000 0.750000 4
Weapon_Nordic_Tanto=6 3.500000 35 1.300000 0.700000 0.000000 3
Weapon_Nordic_Wakizashi=8 10.000000 90 1.150000 0.900000 0.600000 4
Weapon_Nordic_WarAxe=10 13.000000 110 0.900000 1.000000 0.850000 5
Weapon_Nordic_Warhammer=21 26.000000 220 0.600000 1.300000 1.250000 10
Weapon_Orcish_Battleaxe=20 23.000000 400 0.700000 1.300000 1.150000 10
Weapon_Orcish_Battlestaff=12 17.000000 320 0.900000 1.500000 1.050000 6
Weapon_Orcish_Club=11 15.000000 260 0.950000 0.900000 0.850000 5
Weapon_Orcish_Dagger=7 3.500000 70 1.300000 0.700000 0.000000 3
Weapon_Orcish_DaiKatana=19 19.000000 360 0.750000 1.300000 1.100000 9
Weapon_Orcish_Greatsword=19 19.000000 360 0.750000 1.300000 1.100000 9
Weapon_Orcish_Hatchet=10 13.000000 220 1.050000 0.900000 0.700000 5
Weapon_Orcish_Katana=10 12.000000 180 1.000000 1.000000 0.750000 5
Weapon_Orcish_LongMace=18 23.000000 440 0.700000 1.300000 1.150000 9
Weapon_Orcish_Mace=12 16.000000 260 0.800000 1.000000 1.000000 6
Weapon_Orcish_Maul=14 18.000000 260 0.750000 1.000000 1.100000 7
Weapon_Orcish_Quarterstaff=14 17.000000 320 0.800000 1.300000 1.050000 7
Weapon_Orcish_Shortsword=9 11.000000 180 1.150000 0.900000 0.600000 4
Weapon_Orcish_Sword=10 12.000000 180 1.000000 1.000000 0.750000 5
Weapon_Orcish_Tanto=7 4.500000 70 1.300000 0.700000 0.000000 3
Weapon_Orcish_Wakizashi=9 11.000000 180 1.150000 0.900000 0.600000 4
Weapon_Orcish_WarAxe=11 14.000000 220 0.900000 1.000000 0.850000 5
Weapon_Orcish_Warhammer=22 27.000000 440 0.600000 1.300000 1.250000 11
Weapon_Redguard_Battleaxe=21 21.000000 200 0.700000 1.300000 1.150000 10
Weapon_Redguard_Battlestaff=13 15.000000 160 0.900000 1.500000 1.050000 6
Weapon_Redguard_Club=12 13.000000 130 0.950000 0.900000 0.850000 6
Weapon_Redguard_Dagger=8 2.500000 35 1.300000 0.700000 0.000000 4
Weapon_Redguard_DaiKatana=20 17.000000 180 0.750000 1.300000 1.100000 10
Weapon_Redguard_Greatsword=20 17.000000 180 0.750000 1.300000 1.100000 10
Weapon_Redguard_Hatchet=11 11.000000 110 1.050000 0.900000 0.700000 5
Weapon_Redguard_Katana=11 10.000000 90 1.000000 1.000000 0.750000 5
Weapon_Redguard_LongMace=19 21.000000 220 0.700000 1.300000 1.150000 9
Weapon_Redguard_Mace=13 14.000000 130 0.800000 1.000000 1.000000 6
Weapon_Redguard_Maul=15 16.000000 130 0.750000 1.000000 1.100000 7
Weapon_Redguard_Quarterstaff=15 15.000000 160 0.800000 1.300000 1.050000 7
Weapon_Redguard_Shortsword=10 9.000000 90 1.150000 0.900000 0.600000 5
Weapon_Redguard_Sword=11 10.000000 90 1.000000 1.000000 0.750000 5
Weapon_Redguard_Tanto=8 2.500000 35 1.300000 0.700000 0.000000 4
Weapon_Redguard_Wakizashi=10 9.000000 90 1.150000 0.900000 0.600000 5
Weapon_Redguard_WarAxe=12 12.000000 110 0.900000 1.000000 0.850000 6
Weapon_Redguard_Warhammer=23 25.000000 220 0.600000 1.300000 1.250000 11
Weapon_Silver_Battleaxe=18 21.000000 200 0.700000 1.300000 1.150000 9
Weapon_Silver_Battlestaff=10 15.000000 160 0.900000 1.500000 1.050000 5
Weapon_Silver_Club=9 13.000000 130 0.950000 0.900000 0.850000 4
Weapon_Silver_Dagger=5 2.500000 35 1.300000 0.700000 0.000000 2
Weapon_Silver_DaiKatana=17 17.000000 180 0.750000 1.300000 1.100000 8
Weapon_Silver_Greatsword=17 17.000000 180 0.750000 1.300000 1.100000 8
Weapon_Silver_Hatchet=8 11.000000 110 1.050000 0.900000 0.700000 4
Weapon_Silver_Katana=8 10.000000 90 1.000000 1.000000 0.750000 4
Weapon_Silver_LongMace=16 21.000000 220 0.700000 1.300000 1.150000 8
Weapon_Silver_Mace=10 14.000000 130 0.800000 1.000000 1.000000 5
Weapon_Silver_Maul=12 16.000000 130 0.750000 1.000000 1.100000 6
Weapon_Silver_Quarterstaff=12 15.000000 160 0.800000 1.300000 1.050000 6
Weapon_Silver_Shortsword=7 9.000000 90 1.150000 0.900000 0.600000 3
Weapon_Silver_Sword=8 10.000000 90 1.000000 1.000000 0.750000 4
Weapon_Silver_Tanto=5 2.500000 35 1.300000 0.700000 0.000000 2
Weapon_Silver_Wakizashi=7 9.000000 90 1.150000 0.900000 0.600000 3
Weapon_Silver_WarAxe=9 12.000000 110 0.900000 1.000000 0.850000 4
Weapon_Silver_Warhammer=20 25.000000 220 0.600000 1.300000 1.250000 10
Weapon_SkyforgeSteel_Battleaxe=21 21.000000 700 0.700000 1.300000 1.150000 10
Weapon_SkyforgeSteel_Battlestaff=13 15.000000 560 0.900000 1.500000 1.050000 6
Weapon_SkyforgeSteel_Club=12 13.000000 455 0.950000 0.900000 0.850000 6
Weapon_SkyforgeSteel_Dagger=8 2.500000 125 1.300000 0.700000 0.000000 4
Weapon_SkyforgeSteel_DaiKatana=20 17.000000 630 0.750000 1.300000 1.100000 10
Weapon_SkyforgeSteel_Greatsword=20 17.000000 630 0.750000 1.300000 1.100000 10
Weapon_SkyforgeSteel_Hatchet=11 11.000000 385 1.050000 0.900000 0.700000 5
Weapon_SkyforgeSteel_Katana=11 10.000000 315 1.000000 1.000000 0.750000 5
Weapon_SkyforgeSteel_LongMace=19 21.000000 770 0.700000 1.300000 1.150000 9
Weapon_SkyforgeSteel_Mace=13 14.000000 455 0.800000 1.000000 1.000000 6
Weapon_SkyforgeSteel_Maul=15 16.000000 455 0.750000 1.000000 1.100000 7
Weapon_SkyforgeSteel_Quarterstaff=15 15.000000 560 0.800000 1.300000 1.050000 7
Weapon_SkyforgeSteel_Shortsword=10 9.000000 315 1.150000 0.900000 0.600000 5
Weapon_SkyforgeSteel_Sword=11 10.000000 315 1.000000 1.000000 0.750000 5
Weapon_SkyforgeSteel_Tanto=8 2.500000 125 1.300000 0.700000 0.000000 4
Weapon_SkyforgeSteel_Wakizashi=10 9.000000 315 1.150000 0.900000 0.600000 5
Weapon_SkyforgeSteel_WarAxe=12 12.000000 385 0.900000 1.000000 0.850000 6
Weapon_SkyforgeSteel_Warhammer=23 25.000000 770 0.600000 1.300000 1.250000 11
Weapon_Spectral_Battleaxe=21 0.000000 0 0.700000 1.300000 1.150000 10
Weapon_Spectral_Battlestaff=13 0.000000 0 0.900000 1.500000 1.050000 6
Weapon_Spectral_Club=12 0.000000 0 0.950000 0.900000 0.850000 6
Weapon_Spectral_Dagger=8 0.000000 0 1.300000 0.700000 0.000000 4
Weapon_Spectral_DaiKatana=20 0.000000 0 0.750000 1.300000 1.100000 10
Weapon_Spectral_Greatsword=20 0.000000 0 0.750000 1.300000 1.100000 10
Weapon_Spectral_Hatchet=11 0.000000 0 1.050000 0.900000 0.700000 5
Weapon_Spectral_Katana=11 0.000000 0 1.000000 1.000000 0.750000 5
Weapon_Spectral_LongMace=19 0.000000 0 0.700000 1.300000 1.150000 9
Weapon_Spectral_Mace=13 0.000000 0 0.800000 1.000000 1.000000 6
Weapon_Spectral_Maul=15 0.000000 0 0.750000 1.000000 1.100000 7
Weapon_Spectral_Quarterstaff=15 0.000000 0 0.800000 1.300000 1.050000 7
Weapon_Spectral_Shortsword=10 0.000000 0 1.150000 0.900000 0.600000 5
Weapon_Spectral_Sword=11 0.000000 0 1.000000 1.000000 0.750000 5
Weapon_Spectral_Tanto=8 0.000000 0 1.300000 0.700000 0.000000 4
Weapon_Spectral_Wakizashi=10 0.000000 0 1.150000 0.900000 0.600000 5
Weapon_Spectral_WarAxe=12 0.000000 0 0.900000 1.000000 0.850000 6
Weapon_Spectral_Warhammer=23 0.000000 0 0.600000 1.300000 1.250000 11
Weapon_Stalhrim_Battleaxe=23 25.000000 4000 0.700000 1.300000 1.150000 11
Weapon_Stalhrim_Battlestaff=15 19.000000 3200 0.900000 1.500000 1.050000 7
Weapon_Stalhrim_Club=14 17.000000 2600 0.950000 0.900000 0.850000 7
Weapon_Stalhrim_Dagger=10 4.500000 720 1.300000 0.700000 0.000000 5
Weapon_Stalhrim_DaiKatana=22 21.000000 3600 0.750000 1.300000 1.100000 11
Weapon_Stalhrim_Greatsword=22 21.000000 3600 0.750000 1.300000 1.100000 11
Weapon_Stalhrim_Hatchet=13 15.000000 2200 1.050000 0.900000 0.700000 6
Weapon_Stalhrim_Katana=13 14.000000 1800 1.000000 1.000000 0.750000 6
Weapon_Stalhrim_LongMace=21 25.000000 4400 0.700000 1.300000 1.150000 10
Weapon_Stalhrim_Mace=15 18.000000 2600 0.800000 1.000000 1.000000 7
Weapon_Stalhrim_Maul=17 20.000000 2600 0.750000 1.000000 1.100000 8
Weapon_Stalhrim_Quarterstaff=17 19.000000 3200 0.800000 1.300000 1.050000 8
Weapon_Stalhrim_Shortsword=12 13.000000 1800 1.150000 0.900000 0.600000 6
Weapon_Stalhrim_Sword=13 14.000000 1800 1.000000 1.000000 0.750000 6
Weapon_Stalhrim_Tanto=10 6.500000 720 1.300000 0.700000 0.000000 5
Weapon_Stalhrim_Wakizashi=12 13.000000 1800 1.150000 0.900000 0.600000 6
Weapon_Stalhrim_WarAxe=14 16.000000 2200 0.900000 1.000000 0.850000 7
Weapon_Stalhrim_Warhammer=25 29.000000 4400 0.600000 1.300000 1.250000 12
Weapon_Steel_Battleaxe=18 21.000000 100 0.700000 1.300000 1.150000 9
Weapon_Steel_Battlestaff=10 15.000000 80 0.900000 1.500000 1.050000 5
Weapon_Steel_Club=9 13.000000 65 0.950000 0.900000 0.850000 4
Weapon_Steel_Dagger=5 2.500000 20 1.300000 0.700000 0.000000 2
Weapon_Steel_DaiKatana=17 17.000000 90 0.750000 1.300000 1.100000 8
Weapon_Steel_Greatsword=17 17.000000 90 0.750000 1.300000 1.100000 8
Weapon_Steel_Hatchet=8 11.000000 55 1.050000 0.900000 0.700000 4
Weapon_Steel_Katana=8 10.000000 45 1.000000 1.000000 0.750000 4
Weapon_Steel_LongMace=16 21.000000 110 0.700000 1.300000 1.150000 8
Weapon_Steel_Mace=10 14.000000 65 0.800000 1.000000 1.000000 5
Weapon_Steel_Maul=12 16.000000 65 0.750000 1.000000 1.100000 6
Weapon_Steel_Quarterstaff=12 15.000000 80 0.800000 1.300000 1.050000 6
Weapon_Steel_Shortsword=7 9.000000 45 1.150000 0.900000 0.600000 3
Weapon_Steel_Sword=8 10.000000 45 1.000000 1.000000 0.750000 4
Weapon_Steel_Tanto=5 2.500000 20 1.300000 0.700000 0.000000 2
Weapon_Steel_Wakizashi=7 9.000000 45 1.150000 0.900000 0.600000 3
Weapon_Steel_WarAxe=9 12.000000 55 0.900000 1.000000 0.850000 4
Weapon_Steel_Warhammer=20 25.000000 110 0.600000 1.300000 1.250000 10
Weapon_Wood_Battleaxe=12 14.000000 25 0.700000 1.300000 1.150000 6
Weapon_Wood_Battlestaff=4 8.000000 20 0.900000 1.500000 1.050000 2
Weapon_Wood_Club=3 6.000000 15 0.950000 0.900000 0.850000 1
Weapon_Wood_Dagger=-1 -1.000000 5 1.300000 0.700000 0.000000 -1
Weapon_Wood_DaiKatana=11 10.000000 20 0.750000 1.300000 1.100000 5
Weapon_Wood_Greatsword=11 10.000000 20 0.750000 1.300000 1.100000 5
Weapon_Wood_Hatchet=2 4.000000 15 1.050000 0.900000 0.700000 1
Weapon_Wood_Katana=2 3.000000 10 1.000000 1.000000 0.750000 1
Weapon_Wood_LongMace=10 14.000000 30 0.700000 1.300000 1.150000 5
Weapon_Wood_Mace=4 7.000000 15 0.800000 1.000000 1.000000 2
Weapon_Wood_Maul=6 9.000000 15 0.750000 1.000000 1.100000 3
Weapon_Wood_Quarterstaff=6 8.000000 20 0.800000 1.300000 1.050000 3
Weapon_Wood_Shortsword=1 2.000000 10 1.150000 0.900000 0.600000 0
Weapon_Wood_Sword=2 3.000000 10 1.000000 1.000000 0.750000 1
Weapon_Wood_Tanto=-1 -4.500000 5 1.300000 0.700000 0.000000 -1
Weapon_Wood_Wakizashi=1 2.000000 10 1.150000 0.900000 0.600000 0
Weapon_Wood_WarAxe=3 5.000000 15 0.900000 1.000000 0.850000 1
Weapon_Wood_Warhammer=14 18.000000 30 0.600000 1.300000 1.250000 7
